
ans =

   362436069
           2


ans =

   4.2615e-01
   6.9473e-01
   7.4438e-01
   6.2851e-01
   6.6623e-01
   8.3395e-02
   1.2801e-01
   4.7211e-01
   3.0934e-02
   6.1265e-01
   8.8728e-01
   5.4022e-01
   5.7753e-01
   4.5682e-02
   3.3951e-01
   4.6965e-01
   8.9985e-01
   6.8519e-01
   6.9373e-01
   8.3114e-01
   9.0726e-01
   8.1339e-02
   4.0337e-02
   7.4155e-01
   2.3577e-01
   1.8495e-01
   3.2003e-01
   3.7508e-01
   6.3073e-02
   7.1732e-01
   3.6852e-01
   2.7314e-01
            0
            0
   2.2204e-16


m =

        1200


gam =

   8.0000e-01


n =

        1500


k =

     3


sig =

     3


ells =

   2.7050e+01
   2.2050e+01
   1.9050e+01


ans =

   8.0000e+00
   3.1974e-14
  -8.0000e+00


ans =

   1.0000e+00 + 0.0000e+00i   5.2042e-18 + 1.4311e-17i   1.7347e-18 + 1.0408e-17i
   5.2042e-18 - 1.4311e-17i   1.0000e+00 + 0.0000e+00i  -1.6697e-17 + 3.4694e-18i
   1.7347e-18 - 1.0408e-17i  -1.6697e-17 - 3.4694e-18i   1.0000e+00 + 0.0000e+00i


imag1 =

   0.0000e+00 + 1.0000e+00i


alpr =

   1.4825e-01


betr =

   9.8895e-01


ans =

   1.0000e+00


ans =

   9.5800e+00
   9.5539e+00
   8.7108e+00
   8.8102e+00
   9.1350e+00
   8.7081e+00
   9.0190e+00
   8.9576e+00
   9.2081e+00
   9.0015e+00
   9.1445e+00
   9.8520e+00
   8.7899e+00
   9.0721e+00
   8.6432e+00
   8.7531e+00
   9.6582e+00
   8.7308e+00
   9.6308e+00
   8.6190e+00
   9.1103e+00
   8.7550e+00
   8.5501e+00
   9.3497e+00
   8.8321e+00
   8.8884e+00
   8.7749e+00
   9.0242e+00
   8.5691e+00
   9.8319e+00
   8.2024e+00
   8.9596e+00
   9.3955e+00
   9.1500e+00
   8.9794e+00
   9.0441e+00
   9.1076e+00
   9.2274e+00
   8.8627e+00
   8.5365e+00
   8.6493e+00
   8.9445e+00
   9.0772e+00
   8.8439e+00
   8.8586e+00
   8.8014e+00
   9.3778e+00
   9.0000e+00
   8.8216e+00
   9.0350e+00
   8.9459e+00
   8.5270e+00
   1.0089e+01
   9.2348e+00
   8.7295e+00
   9.0615e+00
   8.4893e+00
   9.3749e+00
   9.2677e+00
   8.5009e+00
   8.9807e+00
   9.1314e+00
   9.1312e+00
   9.0372e+00
   9.2787e+00
   8.8642e+00
   8.7105e+00
   8.5189e+00
   8.5301e+00
   9.1479e+00
   9.4890e+00
   8.7282e+00
   8.9571e+00
   9.1686e+00
   9.2068e+00
   8.6711e+00
   8.5048e+00
   8.8013e+00
   9.2401e+00
   8.5330e+00
   8.7223e+00
   9.2574e+00
   9.5221e+00
   8.4687e+00
   8.9115e+00
   9.0617e+00
   8.5658e+00
   8.6718e+00
   8.8094e+00
   9.1493e+00
   8.4814e+00
   9.4755e+00
   9.2145e+00
   8.6147e+00
   8.6821e+00
   9.3405e+00
   8.7433e+00
   9.2130e+00
   8.9415e+00
   9.1023e+00
   9.0506e+00
   8.1775e+00
   8.9619e+00
   9.2880e+00
   9.2429e+00
   8.9025e+00
   8.8393e+00
   8.6460e+00
   9.1100e+00
   8.3868e+00
   9.3340e+00
   9.1516e+00
   8.5465e+00
   8.7639e+00
   9.0820e+00
   8.5118e+00
   8.9481e+00
   9.2180e+00
   9.1646e+00
   8.9061e+00
   8.9127e+00
   9.1396e+00
   8.8905e+00
   8.6451e+00
   8.9881e+00
   8.4474e+00
   8.7581e+00
   9.0810e+00
   9.3678e+00
   8.5958e+00
   9.0627e+00
   9.5490e+00
   8.8710e+00
   9.3585e+00
   8.9659e+00
   9.0540e+00
   8.8880e+00
   8.7638e+00
   9.2005e+00
   8.8484e+00
   9.2944e+00
   9.2956e+00
   8.7684e+00
   9.2114e+00
   9.0262e+00
   9.1219e+00
   8.6423e+00
   9.0898e+00
   9.3138e+00
   8.8897e+00
   8.8381e+00
   9.4327e+00
   9.0778e+00
   8.4572e+00
   9.0319e+00
   9.0446e+00
   8.5180e+00
   9.4435e+00
   9.3969e+00
   9.1249e+00
   9.3588e+00
   9.2260e+00
   9.5020e+00
   9.1218e+00
   8.9608e+00
   8.8166e+00
   8.8831e+00
   8.7844e+00
   8.9757e+00
   8.5165e+00
   9.4322e+00
   9.2534e+00
   8.2902e+00
   9.5538e+00
   9.2964e+00
   8.5043e+00
   9.2344e+00
   9.1613e+00
   8.8800e+00
   9.1914e+00
   8.9050e+00
   9.5857e+00
   9.3747e+00
   9.0314e+00
   9.5432e+00
   9.5238e+00
   8.6265e+00
   8.8808e+00
   8.8594e+00
   9.1353e+00
   9.2165e+00
   9.0064e+00
   9.0689e+00
   8.6404e+00
   8.1669e+00
   8.6292e+00
   8.9752e+00
   9.6185e+00
   8.8364e+00
   9.5374e+00
   8.9185e+00
   8.8989e+00
   9.1957e+00
   8.6404e+00
   9.3286e+00
   8.6679e+00
   9.2552e+00
   9.4006e+00
   9.4462e+00
   9.2441e+00
   9.1792e+00
   8.2971e+00
   9.5058e+00
   8.9000e+00
   9.6838e+00
   9.0348e+00
   9.6192e+00
   8.7674e+00
   8.8937e+00
   8.8622e+00
   9.1039e+00
   8.6580e+00
   8.8683e+00
   9.3936e+00
   9.0956e+00
   9.1489e+00
   9.0934e+00
   9.5311e+00
   9.2355e+00
   9.1863e+00
   8.9448e+00
   9.1796e+00
   8.8270e+00
   8.5008e+00
   8.9560e+00
   8.3375e+00
   9.5346e+00
   8.7922e+00
   8.7952e+00
   9.0859e+00
   9.2135e+00
   9.8463e+00
   9.1072e+00
   8.7663e+00
   8.6450e+00
   9.1694e+00
   8.6781e+00
   9.3213e+00
   9.1594e+00
   8.8693e+00
   8.7159e+00
   8.2520e+00
   8.4348e+00
   9.5499e+00
   9.1585e+00
   9.6216e+00
   9.1073e+00
   9.1987e+00
   9.0276e+00
   9.0206e+00
   8.8222e+00
   8.7274e+00
   9.3719e+00
   9.7026e+00
   8.9403e+00
   8.5297e+00
   9.1356e+00
   8.8824e+00
   9.0977e+00
   8.8969e+00
   8.8411e+00
   8.8717e+00
   9.0063e+00
   8.0111e+00
   9.1892e+00
   8.9849e+00
   8.7462e+00
   8.9771e+00
   8.5215e+00
   8.6557e+00
   8.9503e+00
   9.3399e+00
   8.2885e+00
   8.9380e+00
   8.9285e+00
   9.1616e+00
   8.8224e+00
   9.0140e+00
   8.8882e+00
   9.2767e+00
   9.6375e+00
   8.8095e+00
   9.1187e+00
   8.9427e+00
   8.9811e+00
   8.5709e+00
   9.3515e+00
   9.2235e+00
   8.9179e+00
   8.7617e+00
   9.0294e+00
   9.1169e+00
   9.1064e+00
   8.4891e+00
   8.7591e+00
   9.0902e+00
   9.1627e+00
   8.8721e+00
   9.1514e+00
   8.7645e+00
   8.6882e+00
   8.7154e+00
   8.7811e+00
   8.8461e+00
   9.1521e+00
   9.3349e+00
   9.0766e+00
   9.0668e+00
   9.2535e+00
   8.9290e+00
   8.5129e+00
   9.0962e+00
   8.6903e+00
   8.5750e+00
   8.4591e+00
   8.4079e+00
   8.5886e+00
   8.7607e+00
   9.1466e+00
   9.5887e+00
   8.5724e+00
   8.5847e+00
   8.7246e+00
   8.9786e+00
   9.5838e+00
   9.1286e+00
   9.2026e+00
   8.7753e+00
   8.8068e+00
   9.3008e+00
   8.7002e+00
   9.3346e+00
   9.2566e+00
   8.9553e+00
   9.7703e+00
   9.9455e+00
   8.6820e+00
   8.9873e+00
   9.0606e+00
   9.8011e+00
   9.1884e+00
   9.2168e+00
   8.6342e+00
   8.8139e+00
   9.0408e+00
   8.9535e+00
   9.7033e+00
   9.3540e+00
   8.7116e+00
   9.2904e+00
   8.9444e+00
   9.0778e+00
   9.3741e+00
   9.2397e+00
   8.9479e+00
   8.7691e+00
   8.2047e+00
   9.1634e+00
   9.3302e+00
   9.4176e+00
   9.0767e+00
   8.4907e+00
   9.3219e+00
   9.1018e+00
   8.5637e+00
   9.8285e+00
   8.8166e+00
   8.9961e+00
   9.3445e+00
   9.1446e+00
   9.0058e+00
   9.2949e+00
   9.2125e+00
   8.8612e+00
   8.7174e+00
   9.3752e+00
   9.0940e+00
   9.1294e+00
   9.2129e+00
   8.8405e+00
   9.0325e+00
   8.7637e+00
   9.6988e+00
   8.6984e+00
   8.4203e+00
   9.7231e+00
   9.0016e+00
   8.9425e+00
   9.0690e+00
   8.6473e+00
   8.9291e+00
   8.4611e+00
   1.0005e+01
   8.7163e+00
   9.4701e+00
   9.4799e+00
   8.8761e+00
   9.3134e+00
   9.0630e+00
   8.5785e+00
   9.4011e+00
   9.3903e+00
   9.2197e+00
   9.0404e+00
   9.6542e+00
   8.8979e+00
   9.5864e+00
   9.0962e+00
   9.1434e+00
   8.2741e+00
   8.8534e+00
   8.7729e+00
   9.1419e+00
   8.9122e+00
   9.1945e+00
   8.3965e+00
   8.7872e+00
   8.8405e+00
   9.0590e+00
   9.0636e+00
   8.9305e+00
   8.7080e+00
   9.1664e+00
   9.0628e+00
   8.7042e+00
   8.7106e+00
   9.1718e+00
   8.6590e+00
   8.9941e+00
   9.6152e+00
   9.0311e+00
   9.2966e+00
   9.2882e+00
   9.1477e+00
   8.7766e+00
   9.1827e+00
   8.9439e+00
   8.7063e+00
   9.6307e+00
   8.6803e+00
   8.8772e+00
   8.5025e+00
   9.3556e+00
   8.8822e+00
   9.1812e+00
   9.1937e+00
   9.1996e+00
   8.5533e+00
   8.8389e+00
   8.7326e+00
   9.2925e+00
   9.9764e+00
   9.1768e+00
   9.4328e+00
   9.5040e+00
   8.5301e+00
   9.2238e+00
   8.7650e+00
   8.7399e+00
   9.2864e+00
   9.1997e+00
   9.0661e+00
   8.8586e+00
   8.9643e+00
   8.7030e+00
   9.0257e+00
   9.0689e+00
   8.8473e+00
   8.8610e+00
   8.7510e+00
   8.8046e+00
   9.2139e+00
   8.8941e+00
   8.8382e+00
   9.4352e+00
   8.9944e+00
   8.6751e+00
   9.0023e+00
   9.0896e+00
   8.5591e+00
   9.1686e+00
   9.2928e+00
   9.1213e+00
   9.0544e+00
   9.4770e+00
   8.6785e+00
   9.2888e+00
   9.0920e+00
   8.1355e+00
   9.1670e+00
   8.5251e+00
   9.2493e+00
   9.0162e+00
   9.0323e+00
   8.6236e+00
   9.1839e+00
   9.1856e+00
   8.2578e+00
   1.0092e+01
   8.6829e+00
   9.3494e+00
   8.8667e+00
   8.2603e+00
   8.9931e+00
   8.8135e+00
   9.1715e+00
   8.1939e+00
   9.0993e+00
   8.9570e+00
   9.2702e+00
   8.8538e+00
   9.2222e+00
   8.9463e+00
   8.5797e+00
   9.4259e+00
   8.9764e+00
   9.0716e+00
   9.0328e+00
   8.8781e+00
   9.2567e+00
   8.5387e+00
   8.8859e+00
   9.3179e+00
   9.0230e+00
   9.0306e+00
   8.2135e+00
   8.7344e+00
   8.8697e+00
   9.3340e+00
   8.5990e+00
   9.2548e+00
   8.7325e+00
   8.7219e+00
   9.1117e+00
   8.9561e+00
   8.4634e+00
   9.4035e+00
   8.9496e+00
   8.8927e+00
   9.2018e+00
   8.5943e+00
   8.7334e+00
   8.8859e+00
   8.9631e+00
   9.0099e+00
   9.3382e+00
   8.9432e+00
   8.8837e+00
   9.4606e+00
   9.1125e+00
   9.9277e+00
   8.7498e+00
   9.0180e+00
   8.3762e+00
   8.7394e+00
   8.9702e+00
   9.3341e+00
   8.3642e+00
   9.1605e+00
   8.8478e+00
   8.8126e+00
   9.4537e+00
   8.7631e+00
   8.8306e+00
   8.6881e+00
   9.1783e+00
   8.8327e+00
   8.9279e+00
   8.7148e+00
   8.6464e+00
   9.0664e+00
   8.8548e+00
   8.6098e+00
   8.7289e+00
   9.3533e+00
   8.7430e+00
   9.3116e+00
   9.0822e+00
   8.6341e+00
   8.7487e+00
   9.1279e+00
   8.0827e+00
   9.3927e+00
   8.8562e+00
   8.9137e+00
   8.8464e+00
   8.7775e+00
   8.8413e+00
   9.0576e+00
   9.1069e+00
   8.6815e+00
   8.3544e+00
   8.3448e+00
   9.0816e+00
   8.8641e+00
   9.6081e+00
   8.7378e+00
   8.7607e+00
   9.3113e+00
   8.5540e+00
   9.6179e+00
   9.0592e+00
   9.1735e+00
   8.6965e+00
   9.0691e+00
   9.6449e+00
   9.0785e+00
   8.8478e+00
   9.3513e+00
   8.8492e+00
   9.3734e+00
   9.1463e+00
   9.1896e+00
   9.1055e+00
   9.5795e+00
   8.9429e+00
   8.8810e+00
   8.9304e+00
   9.1690e+00
   9.1358e+00
   9.1583e+00
   8.6736e+00
   8.9343e+00
   8.7218e+00
   8.6872e+00
   8.9321e+00
   8.7607e+00
   8.7557e+00
   8.9153e+00
   9.4843e+00
   9.2534e+00
   9.0750e+00
   8.6306e+00
   8.2959e+00
   9.0900e+00
   8.7467e+00
   8.9861e+00
   9.0583e+00
   8.9603e+00
   8.9520e+00
   8.8903e+00
   9.1350e+00
   9.1769e+00
   8.7100e+00
   8.9329e+00
   8.9650e+00
   9.5938e+00
   8.5913e+00
   8.9718e+00
   9.1637e+00
   9.1752e+00
   9.8137e+00
   9.1790e+00
   9.3017e+00
   8.7749e+00
   9.3568e+00
   9.1372e+00
   8.8183e+00
   8.6200e+00
   9.4066e+00
   9.5308e+00
   9.3012e+00
   8.2073e+00
   8.4540e+00
   8.8761e+00
   9.1237e+00
   8.9428e+00
   8.6521e+00
   8.6155e+00
   8.8592e+00
   9.4684e+00
   8.4006e+00
   8.5324e+00
   9.2831e+00
   9.0479e+00
   8.9467e+00
   8.9553e+00
   8.9456e+00
   9.1131e+00
   8.9559e+00
   8.7135e+00
   9.4704e+00
   9.0948e+00
   9.1790e+00
   9.4971e+00
   9.1052e+00
   9.3726e+00
   8.8144e+00
   9.0587e+00
   8.9736e+00
   8.5472e+00
   9.1028e+00
   8.8222e+00
   8.0960e+00
   8.7897e+00
   8.8954e+00
   9.4473e+00
   8.4022e+00
   9.2216e+00
   9.3414e+00
   9.1484e+00
   8.7123e+00
   9.1695e+00
   8.8839e+00
   9.5603e+00
   9.0798e+00
   9.5203e+00
   8.5030e+00
   8.2544e+00
   8.6978e+00
   8.6656e+00
   9.1764e+00
   8.6097e+00
   9.0364e+00
   9.1287e+00
   9.0668e+00
   8.9313e+00
   8.7278e+00
   9.5631e+00
   8.5758e+00
   8.4317e+00
   8.8993e+00
   8.7515e+00
   9.0470e+00
   8.8217e+00
   9.3031e+00
   8.7465e+00
   9.0549e+00
   8.9776e+00
   9.5040e+00
   9.2111e+00
   9.3336e+00
   9.2184e+00
   8.7304e+00
   9.1313e+00
   8.9280e+00
   9.3016e+00
   9.0748e+00
   9.3938e+00
   8.7822e+00
   9.3090e+00
   8.8637e+00
   9.0983e+00
   9.3838e+00
   9.0942e+00
   8.9633e+00
   8.5594e+00
   8.6540e+00
   7.8796e+00
   8.5540e+00
   9.3118e+00
   9.2088e+00
   9.0824e+00
   9.1334e+00
   8.5881e+00
   8.6752e+00
   8.8534e+00
   8.9093e+00
   9.1791e+00
   8.9184e+00
   9.2500e+00
   8.9917e+00
   8.9199e+00
   9.0465e+00
   9.1022e+00
   9.7479e+00
   8.5095e+00
   8.8045e+00
   9.1256e+00
   9.1206e+00
   9.0152e+00
   8.9175e+00
   8.9178e+00
   9.5890e+00
   8.5270e+00
   9.8224e+00
   8.7018e+00
   9.0515e+00
   8.8101e+00
   8.4617e+00
   9.2353e+00
   8.7833e+00
   9.0458e+00
   9.0225e+00
   9.1377e+00
   8.9057e+00
   9.0359e+00
   9.1893e+00
   8.7360e+00
   8.9494e+00
   8.6350e+00
   8.7967e+00
   9.1868e+00
   9.9777e+00
   9.0030e+00
   9.3489e+00
   8.9382e+00
   9.0707e+00
   8.5186e+00
   8.9982e+00
   9.3446e+00
   9.1554e+00
   8.6785e+00
   9.0273e+00
   8.7583e+00
   8.6168e+00
   9.4891e+00
   9.2782e+00
   8.8418e+00
   8.9095e+00
   9.4234e+00
   9.1691e+00
   8.8031e+00
   9.0337e+00
   9.1815e+00
   8.9824e+00
   8.9747e+00
   8.7757e+00
   9.2943e+00
   8.9997e+00
   8.7464e+00
   8.9611e+00
   9.2746e+00
   9.2963e+00
   9.1605e+00
   8.9652e+00
   8.9388e+00
   9.0375e+00
   8.8737e+00
   8.7334e+00
   9.1094e+00
   8.4456e+00
   9.4338e+00
   9.0624e+00
   9.4034e+00
   8.8382e+00
   9.2390e+00
   8.9240e+00
   8.8906e+00
   9.3225e+00
   8.9059e+00
   8.3090e+00
   8.8809e+00
   8.9377e+00
   9.0962e+00
   9.0555e+00
   8.7291e+00
   9.3947e+00
   9.1886e+00
   9.0952e+00
   9.4949e+00
   8.2877e+00
   8.5978e+00
   8.6698e+00
   8.6644e+00
   9.0066e+00
   8.9980e+00
   9.2309e+00
   9.2254e+00
   9.0670e+00
   8.7338e+00
   8.3274e+00
   8.7219e+00
   8.8650e+00
   8.6785e+00
   9.0443e+00
   8.4084e+00
   8.8907e+00
   9.0194e+00
   8.1547e+00
   8.5423e+00
   8.6234e+00
   8.6880e+00
   8.5585e+00
   8.5369e+00
   8.7653e+00
   8.8299e+00
   9.4257e+00
   8.7556e+00
   9.3405e+00
   9.1851e+00
   9.0768e+00
   9.3852e+00
   8.9384e+00
   8.6109e+00
   8.9943e+00
   8.4693e+00
   8.6456e+00
   8.3274e+00
   8.6656e+00
   9.2531e+00
   8.7849e+00
   8.7678e+00
   9.3950e+00
   9.4352e+00
   9.4464e+00
   8.6035e+00
   9.2876e+00
   8.3893e+00
   9.3622e+00
   8.2808e+00
   8.7444e+00
   9.5451e+00
   9.1757e+00
   9.4812e+00
   8.6336e+00
   9.0033e+00
   9.2674e+00
   9.1988e+00
   9.3439e+00
   9.0641e+00
   9.2213e+00
   8.4325e+00
   8.9148e+00
   8.8966e+00
   8.8770e+00
   9.2448e+00
   9.2242e+00
   8.6759e+00
   9.3324e+00
   8.5823e+00
   8.7959e+00
   8.4964e+00
   9.7278e+00
   9.3517e+00
   8.6451e+00
   8.9462e+00
   8.7380e+00
   9.4422e+00
   8.8771e+00
   8.7137e+00
   8.9808e+00
   9.2388e+00
   9.5607e+00
   8.8691e+00
   8.9973e+00
   9.2639e+00
   8.7385e+00
   8.9853e+00
   8.6353e+00
   9.2170e+00
   8.1368e+00
   8.6977e+00
   9.4758e+00
   9.4161e+00
   9.5973e+00
   8.8891e+00
   9.0006e+00
   8.7280e+00
   9.1906e+00
   9.6406e+00
   8.7428e+00
   8.9739e+00
   9.3179e+00
   8.8318e+00
   9.5548e+00
   8.7083e+00
   8.5290e+00
   8.7275e+00
   8.9689e+00
   9.1999e+00
   9.4748e+00
   9.0012e+00
   9.0654e+00
   8.8576e+00
   8.7193e+00
   9.1805e+00
   8.7124e+00
   9.1786e+00
   8.8001e+00
   8.7387e+00
   9.0128e+00
   8.5310e+00
   9.1722e+00
   9.2809e+00
   9.1818e+00
   8.4550e+00
   8.9165e+00
   8.5780e+00
   8.9802e+00
   9.0931e+00
   8.9877e+00
   8.8090e+00
   8.9271e+00
   9.0747e+00
   8.9426e+00
   8.7481e+00
   9.2121e+00
   8.7604e+00
   8.8746e+00
   8.6697e+00
   9.3401e+00
   8.1998e+00
   9.0286e+00
   8.8406e+00
   8.7557e+00
   9.0885e+00
   8.9284e+00
   9.3019e+00
   8.7012e+00
   8.9495e+00
   9.1571e+00
   8.8998e+00
   9.2020e+00
   9.2738e+00
   8.9151e+00
   8.9411e+00
   9.2917e+00
   8.5093e+00
   8.8099e+00
   9.1991e+00
   8.7977e+00
   8.6485e+00
   9.1809e+00
   9.0149e+00
   9.3225e+00
   8.6105e+00
   9.4625e+00
   9.3205e+00
   9.2906e+00
   8.6755e+00
   8.8152e+00
   9.0712e+00
   9.2199e+00
   9.4926e+00
   9.0982e+00
   8.9983e+00
   8.5520e+00
   8.8225e+00
   8.8874e+00
   8.9972e+00
   8.8479e+00
   8.7830e+00
   8.7495e+00
   9.1572e+00
   9.1629e+00
   9.0047e+00
   8.9848e+00
   8.9971e+00
   8.6714e+00
   8.7431e+00
   8.8204e+00
   9.3359e+00
   9.3207e+00
   8.8336e+00
   9.2536e+00
   8.8235e+00
   9.0708e+00
   9.0795e+00
   9.1991e+00
   8.8990e+00
   9.0052e+00
   8.5362e+00
   8.4063e+00
   9.1079e+00
   9.0546e+00
   9.7288e+00
   9.5076e+00
   9.2075e+00
   9.1735e+00
   9.4709e+00
   9.0953e+00
   8.8554e+00
   9.2565e+00
   8.9438e+00
   8.8423e+00
   8.7356e+00
   9.1313e+00
   8.9437e+00
   8.9545e+00
   8.9873e+00
   9.0279e+00
   8.7455e+00
   9.3526e+00
   9.5325e+00
   9.1323e+00
   9.1302e+00
   9.1794e+00
   9.5420e+00
   9.1923e+00
   8.8384e+00
   8.8006e+00
   8.8349e+00
   8.7772e+00
   8.4902e+00
   8.8017e+00
   9.3244e+00
   8.8244e+00
   9.0571e+00
   8.7325e+00
   9.2791e+00
   8.7727e+00
   9.0461e+00
   8.7772e+00
   8.7512e+00
   8.6392e+00
   9.2237e+00
   9.2462e+00
   9.5980e+00
   8.7115e+00
   9.0942e+00
   9.1510e+00
   8.2774e+00
   9.0750e+00
   9.2113e+00
   8.9320e+00
   8.8721e+00
   9.2689e+00
   8.8428e+00
   8.7995e+00
   9.1286e+00
   8.6409e+00
   9.2063e+00
   8.9651e+00
   9.2606e+00
   8.8697e+00
   8.9599e+00
   8.8035e+00
   9.5110e+00
   9.4059e+00
   9.0479e+00
   8.9829e+00
   9.3801e+00
   9.3350e+00
   8.8703e+00
   9.1240e+00
   8.8206e+00
   8.8998e+00
   8.8693e+00
   8.9432e+00
   9.0631e+00
   9.4295e+00
   8.7843e+00
   8.5659e+00
   8.5988e+00
   9.0586e+00
   8.3523e+00
   8.8185e+00
   9.1500e+00
   9.4127e+00
   8.5463e+00
   9.3651e+00
   9.3237e+00
   8.9024e+00
   9.3265e+00
   9.1333e+00
   8.9203e+00
   8.9226e+00
   9.7604e+00
   8.8239e+00
   8.7542e+00
   9.3770e+00
   8.7556e+00
   8.8422e+00
   9.1193e+00
   9.2353e+00
   9.1176e+00
   8.7239e+00
   8.7613e+00
   8.9402e+00
   9.2392e+00
   8.7933e+00
   9.0631e+00
   9.1925e+00
   9.2292e+00
   8.7110e+00
   9.3145e+00
   9.0478e+00
   9.0721e+00
   8.4705e+00
   8.9850e+00
   9.1242e+00
   9.5449e+00
   8.6955e+00
   8.9372e+00
   9.0090e+00
   9.7355e+00
   8.4144e+00
   8.7844e+00
   8.5300e+00
   9.3538e+00
   8.7127e+00
   8.4360e+00
   8.9213e+00
   1.0017e+01
   8.8059e+00
   8.8753e+00
   8.3842e+00
   8.9896e+00
   9.7604e+00


ans =

  Columns 1 through 8

   8.7660e+00   9.3192e+00   8.1706e+00   9.0975e+00   8.7313e+00   8.8584e+00   9.8017e+00   8.9925e+00

  Columns 9 through 16

   8.8152e+00   8.9519e+00   8.8081e+00   8.8166e+00   8.6015e+00   9.3567e+00   8.5365e+00   8.8705e+00

  Columns 17 through 24

   8.8900e+00   9.0999e+00   9.2683e+00   8.8910e+00   9.5774e+00   7.8613e+00   9.3694e+00   8.9728e+00

  Columns 25 through 32

   1.0332e+01   8.9844e+00   8.8760e+00   7.6779e+00   8.8976e+00   8.9128e+00   8.2559e+00   9.0390e+00

  Columns 33 through 40

   8.9796e+00   8.6500e+00   9.2272e+00   8.0103e+00   8.7649e+00   8.9328e+00   8.9523e+00   9.1402e+00

  Columns 41 through 48

   9.1936e+00   9.4896e+00   9.1548e+00   8.3139e+00   9.0633e+00   8.7446e+00   8.9666e+00   9.1941e+00

  Columns 49 through 56

   8.8049e+00   9.0466e+00   9.3195e+00   8.9376e+00   9.0353e+00   1.0054e+01   8.6119e+00   8.8110e+00

  Columns 57 through 64

   8.8595e+00   9.3664e+00   9.0582e+00   8.8699e+00   8.9721e+00   8.9980e+00   9.1524e+00   8.6622e+00

  Columns 65 through 72

   8.6638e+00   8.9945e+00   8.5664e+00   8.6418e+00   8.9372e+00   8.4326e+00   9.4383e+00   9.2070e+00

  Columns 73 through 80

   8.8726e+00   9.0743e+00   9.4316e+00   9.0534e+00   9.2268e+00   9.1428e+00   8.8592e+00   8.8729e+00

  Columns 81 through 88

   8.8564e+00   8.3989e+00   9.2748e+00   8.8008e+00   8.2614e+00   9.0088e+00   8.8564e+00   9.5409e+00

  Columns 89 through 96

   9.3540e+00   8.3044e+00   9.1786e+00   9.2321e+00   8.9322e+00   9.1564e+00   8.4989e+00   9.6079e+00

  Columns 97 through 104

   8.6028e+00   8.9896e+00   8.7787e+00   9.2234e+00   9.0194e+00   8.7051e+00   9.1619e+00   9.2211e+00

  Columns 105 through 112

   8.9839e+00   8.8924e+00   8.9026e+00   8.7867e+00   9.3508e+00   8.5867e+00   8.8605e+00   9.2722e+00

  Columns 113 through 120

   9.3263e+00   9.2874e+00   8.6053e+00   9.4543e+00   9.0019e+00   9.0161e+00   8.5181e+00   8.6063e+00

  Columns 121 through 128

   8.9495e+00   8.8275e+00   8.5153e+00   9.0351e+00   8.7716e+00   9.0996e+00   8.5930e+00   8.6997e+00

  Columns 129 through 136

   8.4595e+00   9.0028e+00   8.5815e+00   8.2167e+00   9.1935e+00   8.7060e+00   9.4517e+00   8.8565e+00

  Columns 137 through 144

   9.0813e+00   9.0073e+00   8.5129e+00   9.5541e+00   8.9996e+00   9.5307e+00   8.8201e+00   9.5848e+00

  Columns 145 through 152

   9.3108e+00   8.9656e+00   8.3941e+00   9.2680e+00   9.3857e+00   9.2738e+00   8.8061e+00   8.6661e+00

  Columns 153 through 160

   9.4894e+00   9.4549e+00   8.5235e+00   8.7110e+00   8.9170e+00   9.0815e+00   8.7700e+00   8.9368e+00

  Columns 161 through 168

   8.9125e+00   9.6878e+00   8.9910e+00   8.8806e+00   9.6454e+00   8.9490e+00   8.5987e+00   8.9385e+00

  Columns 169 through 176

   9.1034e+00   9.3141e+00   9.4756e+00   8.7087e+00   8.9302e+00   8.1097e+00   9.2315e+00   8.6707e+00

  Columns 177 through 184

   8.8287e+00   9.1805e+00   8.3090e+00   9.1615e+00   9.6733e+00   8.1836e+00   9.3874e+00   9.4348e+00

  Columns 185 through 192

   8.7879e+00   9.4603e+00   9.5494e+00   8.5707e+00   9.5177e+00   9.4588e+00   9.0827e+00   8.8380e+00

  Columns 193 through 200

   8.8728e+00   9.0950e+00   9.4777e+00   9.1437e+00   8.7112e+00   9.0148e+00   8.9925e+00   9.0286e+00

  Columns 201 through 208

   9.3277e+00   9.2540e+00   9.4040e+00   8.4249e+00   9.8586e+00   8.6679e+00   8.7937e+00   9.0448e+00

  Columns 209 through 216

   9.2739e+00   8.4874e+00   8.4012e+00   8.9410e+00   8.8074e+00   9.2704e+00   9.6547e+00   8.6715e+00

  Columns 217 through 224

   8.4609e+00   8.8737e+00   8.8951e+00   9.3653e+00   8.9233e+00   9.2752e+00   9.3164e+00   8.3047e+00

  Columns 225 through 232

   9.3460e+00   8.7011e+00   8.7429e+00   8.4226e+00   9.1103e+00   9.1313e+00   9.8897e+00   8.6906e+00

  Columns 233 through 240

   8.4218e+00   9.5079e+00   8.8253e+00   8.8849e+00   8.3864e+00   8.6792e+00   8.8093e+00   9.2272e+00

  Columns 241 through 248

   9.2328e+00   8.7155e+00   9.0102e+00   8.5449e+00   9.5325e+00   9.2070e+00   9.7325e+00   9.2585e+00

  Columns 249 through 256

   8.6320e+00   9.0126e+00   9.0464e+00   8.7071e+00   9.0283e+00   9.1774e+00   8.8636e+00   8.5753e+00

  Columns 257 through 264

   8.7857e+00   9.3828e+00   9.4265e+00   8.1752e+00   8.4903e+00   8.9291e+00   8.4355e+00   9.0031e+00

  Columns 265 through 272

   8.8367e+00   8.5666e+00   9.3925e+00   9.2274e+00   8.9948e+00   8.8062e+00   8.4458e+00   9.0643e+00

  Columns 273 through 280

   9.0045e+00   9.0320e+00   8.3905e+00   8.8965e+00   9.2922e+00   9.5119e+00   8.9967e+00   9.0848e+00

  Columns 281 through 288

   8.8953e+00   8.6934e+00   9.1568e+00   9.0947e+00   8.8495e+00   9.0417e+00   8.8185e+00   9.0076e+00

  Columns 289 through 296

   9.1369e+00   9.2368e+00   8.9279e+00   9.3069e+00   8.5860e+00   8.8767e+00   9.1379e+00   9.2496e+00

  Columns 297 through 304

   8.5931e+00   9.5229e+00   9.3186e+00   8.9051e+00   9.1461e+00   8.7134e+00   9.1599e+00   9.1322e+00

  Columns 305 through 312

   8.8651e+00   9.3759e+00   8.3401e+00   8.9587e+00   8.6278e+00   9.1018e+00   8.2028e+00   9.6912e+00

  Columns 313 through 320

   9.0396e+00   8.5906e+00   8.8747e+00   8.8729e+00   9.0925e+00   8.7577e+00   9.5046e+00   9.0496e+00

  Columns 321 through 328

   8.9110e+00   8.6641e+00   9.1016e+00   9.0461e+00   9.0981e+00   8.4851e+00   9.3632e+00   8.6686e+00

  Columns 329 through 336

   8.3952e+00   9.0045e+00   8.7196e+00   8.9345e+00   9.0341e+00   8.7715e+00   9.3523e+00   8.5305e+00

  Columns 337 through 344

   9.3098e+00   8.7941e+00   9.4264e+00   8.8646e+00   8.8937e+00   8.8097e+00   9.2787e+00   8.9643e+00

  Columns 345 through 352

   9.1569e+00   9.6778e+00   9.1457e+00   8.5376e+00   9.9442e+00   8.9225e+00   9.2953e+00   1.0048e+01

  Columns 353 through 360

   9.8434e+00   8.7308e+00   8.3798e+00   8.5568e+00   9.0185e+00   8.9696e+00   8.5346e+00   9.0300e+00

  Columns 361 through 368

   9.3161e+00   9.2762e+00   8.8861e+00   8.7275e+00   8.8688e+00   9.0132e+00   8.1578e+00   8.7214e+00

  Columns 369 through 376

   9.3164e+00   9.1600e+00   9.3278e+00   9.5064e+00   9.4245e+00   8.5723e+00   9.4643e+00   9.2102e+00

  Columns 377 through 384

   9.1460e+00   9.5490e+00   9.1762e+00   9.2086e+00   9.3936e+00   9.0796e+00   9.3187e+00   8.2512e+00

  Columns 385 through 392

   8.5777e+00   9.4391e+00   8.5239e+00   8.9614e+00   8.8561e+00   8.8090e+00   8.8081e+00   8.4596e+00

  Columns 393 through 400

   9.4358e+00   9.0241e+00   9.3055e+00   8.1043e+00   8.5458e+00   8.8970e+00   8.9983e+00   8.9259e+00

  Columns 401 through 408

   9.1676e+00   9.0993e+00   8.6022e+00   9.0329e+00   9.0160e+00   8.8649e+00   8.6931e+00   8.8501e+00

  Columns 409 through 416

   9.3129e+00   9.1471e+00   8.8440e+00   8.9646e+00   8.6838e+00   9.1118e+00   9.2074e+00   9.1312e+00

  Columns 417 through 424

   8.3236e+00   8.7263e+00   8.7616e+00   9.0270e+00   8.9920e+00   8.7634e+00   9.1055e+00   9.2635e+00

  Columns 425 through 432

   8.9383e+00   8.7442e+00   8.6242e+00   9.8051e+00   8.5103e+00   9.2159e+00   8.8565e+00   8.9596e+00

  Columns 433 through 440

   9.2817e+00   9.0878e+00   8.6012e+00   9.0771e+00   8.8608e+00   8.4745e+00   9.4317e+00   8.5355e+00

  Columns 441 through 448

   9.4864e+00   9.1770e+00   8.9937e+00   8.3725e+00   8.4049e+00   9.1907e+00   8.3477e+00   8.4040e+00

  Columns 449 through 456

   8.9816e+00   8.7611e+00   9.1493e+00   9.3023e+00   8.9862e+00   8.7019e+00   9.1685e+00   9.1649e+00

  Columns 457 through 464

   8.9456e+00   9.3924e+00   9.2387e+00   9.1669e+00   9.0936e+00   9.6942e+00   8.8780e+00   8.8196e+00

  Columns 465 through 472

   8.5153e+00   8.9949e+00   9.1627e+00   8.7457e+00   9.2179e+00   9.0143e+00   8.7535e+00   8.9467e+00

  Columns 473 through 480

   8.9886e+00   8.7261e+00   8.4116e+00   8.9760e+00   9.2550e+00   8.1297e+00   9.4590e+00   8.6045e+00

  Columns 481 through 488

   9.7049e+00   9.1027e+00   9.3989e+00   8.7940e+00   9.0683e+00   9.1955e+00   9.1254e+00   9.0747e+00

  Columns 489 through 496

   8.8080e+00   7.9320e+00   8.6284e+00   8.7265e+00   8.4743e+00   9.0752e+00   9.0854e+00   9.0236e+00

  Columns 497 through 504

   8.8290e+00   8.3947e+00   9.0373e+00   9.3331e+00   8.7946e+00   8.3896e+00   9.4504e+00   8.9085e+00

  Columns 505 through 512

   8.9635e+00   9.0067e+00   8.7737e+00   9.3035e+00   9.3569e+00   9.2761e+00   9.6692e+00   9.2559e+00

  Columns 513 through 520

   9.5746e+00   9.6318e+00   8.9701e+00   8.6732e+00   8.5593e+00   9.1237e+00   8.7306e+00   9.9448e+00

  Columns 521 through 528

   9.5276e+00   9.0235e+00   9.1355e+00   9.6749e+00   8.8614e+00   8.6631e+00   9.7340e+00   9.8573e+00

  Columns 529 through 536

   9.0053e+00   9.6116e+00   8.6442e+00   9.2448e+00   8.8678e+00   9.2372e+00   9.3627e+00   9.5264e+00

  Columns 537 through 544

   8.6610e+00   8.6499e+00   8.6309e+00   9.7033e+00   9.1904e+00   9.3166e+00   8.9668e+00   9.6273e+00

  Columns 545 through 552

   8.7989e+00   9.2236e+00   8.6754e+00   8.7919e+00   8.5349e+00   8.8604e+00   8.8270e+00   8.6057e+00

  Columns 553 through 560

   8.8672e+00   9.1799e+00   9.2766e+00   7.9258e+00   8.1886e+00   9.5526e+00   8.3752e+00   8.9458e+00

  Columns 561 through 568

   8.5877e+00   8.5738e+00   8.7861e+00   9.3990e+00   8.7231e+00   8.7050e+00   9.5991e+00   9.2863e+00

  Columns 569 through 576

   9.3776e+00   9.2380e+00   9.2510e+00   9.7777e+00   8.4015e+00   9.2224e+00   9.7015e+00   9.1574e+00

  Columns 577 through 584

   9.2140e+00   8.2546e+00   8.7730e+00   8.8177e+00   8.8730e+00   9.0024e+00   9.6192e+00   9.3891e+00

  Columns 585 through 592

   9.3240e+00   9.1565e+00   9.1299e+00   8.8759e+00   9.4334e+00   8.9663e+00   8.7667e+00   8.7806e+00

  Columns 593 through 600

   8.9664e+00   9.0032e+00   9.2180e+00   8.8108e+00   8.6415e+00   8.4465e+00   9.5441e+00   9.1607e+00

  Columns 601 through 608

   8.6385e+00   8.8257e+00   9.2444e+00   9.5664e+00   9.0250e+00   8.7468e+00   9.5153e+00   8.7716e+00

  Columns 609 through 616

   9.2655e+00   9.2010e+00   8.9981e+00   8.9405e+00   8.6078e+00   9.4332e+00   8.7427e+00   9.2543e+00

  Columns 617 through 624

   9.2462e+00   8.8514e+00   8.6390e+00   8.0812e+00   9.4132e+00   8.6272e+00   8.6826e+00   9.1563e+00

  Columns 625 through 632

   8.6238e+00   8.6548e+00   9.0232e+00   9.1641e+00   9.0606e+00   8.9511e+00   8.8773e+00   9.0143e+00

  Columns 633 through 640

   9.2006e+00   8.7537e+00   8.9431e+00   8.7898e+00   9.1589e+00   9.0874e+00   8.4308e+00   9.3676e+00

  Columns 641 through 648

   9.2249e+00   8.9125e+00   8.9625e+00   8.8564e+00   8.8306e+00   9.4639e+00   9.6190e+00   8.3153e+00

  Columns 649 through 656

   9.5697e+00   8.7419e+00   9.3369e+00   8.9802e+00   9.0872e+00   9.2419e+00   9.3085e+00   9.1821e+00

  Columns 657 through 664

   9.0687e+00   9.2720e+00   9.3842e+00   8.8726e+00   8.8863e+00   8.6477e+00   8.9135e+00   9.0228e+00

  Columns 665 through 672

   9.0162e+00   8.8279e+00   9.2261e+00   9.1587e+00   8.9191e+00   8.2092e+00   8.9510e+00   8.7309e+00

  Columns 673 through 680

   9.2893e+00   8.4285e+00   8.8308e+00   9.0941e+00   9.0216e+00   9.3989e+00   9.1132e+00   9.5556e+00

  Columns 681 through 688

   8.5437e+00   8.6509e+00   8.6596e+00   9.1249e+00   8.9424e+00   8.6149e+00   9.0811e+00   8.9802e+00

  Columns 689 through 696

   9.4744e+00   9.0756e+00   8.3405e+00   8.8192e+00   9.1102e+00   8.7912e+00   9.3306e+00   8.8424e+00

  Columns 697 through 704

   9.5734e+00   9.0661e+00   8.8140e+00   8.9739e+00   9.2006e+00   8.6344e+00   8.9830e+00   8.7904e+00

  Columns 705 through 712

   9.9636e+00   8.8896e+00   8.8553e+00   8.6854e+00   8.7346e+00   9.1865e+00   8.9652e+00   8.5657e+00

  Columns 713 through 720

   9.5066e+00   9.3947e+00   8.4978e+00   8.9908e+00   8.5542e+00   9.2318e+00   8.6635e+00   8.5423e+00

  Columns 721 through 728

   9.6723e+00   8.7541e+00   9.0482e+00   9.0409e+00   8.6534e+00   9.4398e+00   8.8475e+00   9.2753e+00

  Columns 729 through 736

   9.2314e+00   8.9224e+00   8.6899e+00   8.9449e+00   9.3944e+00   9.0635e+00   8.9734e+00   9.1788e+00

  Columns 737 through 744

   9.2266e+00   8.4938e+00   8.9323e+00   9.4909e+00   8.8025e+00   9.0772e+00   8.6405e+00   9.3435e+00

  Columns 745 through 752

   9.3048e+00   8.4695e+00   8.6813e+00   8.8192e+00   8.9003e+00   8.7801e+00   9.0588e+00   8.9703e+00

  Columns 753 through 760

   9.0330e+00   9.1482e+00   9.1893e+00   8.6556e+00   9.3024e+00   9.1789e+00   9.0680e+00   8.7372e+00

  Columns 761 through 768

   9.0294e+00   8.4023e+00   9.1579e+00   8.4404e+00   9.1294e+00   9.3965e+00   9.0205e+00   8.9796e+00

  Columns 769 through 776

   8.9722e+00   9.0535e+00   8.8179e+00   8.6473e+00   8.2630e+00   8.8566e+00   8.9541e+00   9.1144e+00

  Columns 777 through 784

   8.6031e+00   8.1393e+00   9.1003e+00   9.6629e+00   9.0675e+00   8.5542e+00   8.6743e+00   8.8902e+00

  Columns 785 through 792

   9.3697e+00   9.2166e+00   8.1499e+00   9.0336e+00   9.6507e+00   8.3693e+00   8.7171e+00   9.1612e+00

  Columns 793 through 800

   8.9480e+00   9.1806e+00   9.3312e+00   9.2490e+00   9.4161e+00   8.9019e+00   9.2462e+00   9.7019e+00

  Columns 801 through 808

   8.9130e+00   9.1332e+00   8.5138e+00   8.8646e+00   8.5870e+00   8.8832e+00   8.9843e+00   9.0516e+00

  Columns 809 through 816

   9.1390e+00   8.8248e+00   9.2376e+00   9.2656e+00   8.6648e+00   8.8787e+00   9.1401e+00   9.1182e+00

  Columns 817 through 824

   9.4833e+00   9.2287e+00   9.4223e+00   9.0984e+00   8.8065e+00   8.6670e+00   9.2766e+00   8.8074e+00

  Columns 825 through 832

   8.7672e+00   8.5302e+00   8.9003e+00   8.7412e+00   8.9199e+00   8.1887e+00   9.5047e+00   8.9553e+00

  Columns 833 through 840

   8.8159e+00   9.7482e+00   9.1095e+00   9.0943e+00   9.2718e+00   8.8958e+00   8.5087e+00   9.5669e+00

  Columns 841 through 848

   8.8311e+00   9.2693e+00   8.7752e+00   9.3380e+00   8.7511e+00   9.0842e+00   9.0553e+00   8.8584e+00

  Columns 849 through 856

   9.4444e+00   9.5896e+00   8.7283e+00   8.6926e+00   9.2801e+00   9.3797e+00   8.9921e+00   8.5889e+00

  Columns 857 through 864

   8.8306e+00   9.2099e+00   9.9353e+00   9.0830e+00   9.2410e+00   8.7939e+00   8.6190e+00   9.1800e+00

  Columns 865 through 872

   8.9610e+00   8.5389e+00   9.0600e+00   9.3185e+00   9.0283e+00   9.4207e+00   8.8159e+00   8.5856e+00

  Columns 873 through 880

   8.9210e+00   9.0986e+00   8.8420e+00   8.5331e+00   9.1228e+00   8.5360e+00   9.0931e+00   8.9167e+00

  Columns 881 through 888

   8.6500e+00   8.9163e+00   8.9959e+00   9.3128e+00   9.0774e+00   9.3944e+00   8.9280e+00   8.9119e+00

  Columns 889 through 896

   9.1801e+00   8.6161e+00   9.6439e+00   8.4731e+00   8.5926e+00   9.3085e+00   9.4227e+00   8.8133e+00

  Columns 897 through 904

   9.0304e+00   8.4393e+00   8.8009e+00   8.6990e+00   8.9901e+00   9.2813e+00   9.3888e+00   9.0124e+00

  Columns 905 through 912

   8.7507e+00   8.0325e+00   9.3364e+00   8.6812e+00   8.6899e+00   8.8991e+00   9.2080e+00   9.4104e+00

  Columns 913 through 920

   9.0787e+00   9.0027e+00   8.9875e+00   8.8394e+00   8.9817e+00   8.9597e+00   9.0013e+00   8.3871e+00

  Columns 921 through 928

   9.1219e+00   8.3737e+00   8.7662e+00   8.9598e+00   9.0726e+00   8.9343e+00   9.0289e+00   9.4411e+00

  Columns 929 through 936

   9.2232e+00   8.8012e+00   9.2000e+00   9.0713e+00   8.6715e+00   9.2139e+00   9.4332e+00   8.6651e+00

  Columns 937 through 944

   9.3966e+00   9.5204e+00   8.7339e+00   8.7642e+00   8.7552e+00   9.1844e+00   8.6353e+00   8.9863e+00

  Columns 945 through 952

   8.9644e+00   8.8335e+00   9.3080e+00   9.4056e+00   9.1035e+00   9.3158e+00   9.3984e+00   8.6547e+00

  Columns 953 through 960

   9.4679e+00   8.8785e+00   9.0351e+00   9.6030e+00   9.0062e+00   8.7566e+00   9.6831e+00   9.0312e+00

  Columns 961 through 968

   8.3918e+00   9.3485e+00   8.5972e+00   9.4831e+00   8.5966e+00   8.6701e+00   8.1656e+00   9.2301e+00

  Columns 969 through 976

   8.1367e+00   8.5743e+00   8.4589e+00   8.9757e+00   9.7619e+00   9.1711e+00   8.8891e+00   9.0902e+00

  Columns 977 through 984

   8.3343e+00   9.0175e+00   9.1622e+00   9.0925e+00   9.2698e+00   9.5442e+00   9.2325e+00   8.3739e+00

  Columns 985 through 992

   9.3152e+00   8.7081e+00   8.5721e+00   9.6832e+00   8.6110e+00   8.7097e+00   8.7062e+00   9.0888e+00

  Columns 993 through 1000

   8.6741e+00   8.6500e+00   8.9561e+00   8.7875e+00   8.7769e+00   8.5882e+00   8.5258e+00   9.2238e+00

  Columns 1001 through 1008

   9.1799e+00   8.7893e+00   8.4351e+00   8.8949e+00   8.6127e+00   9.0090e+00   8.6784e+00   9.6282e+00

  Columns 1009 through 1016

   8.7218e+00   9.1802e+00   8.8921e+00   8.9898e+00   9.1065e+00   9.1460e+00   9.1986e+00   9.1488e+00

  Columns 1017 through 1024

   9.5274e+00   8.8893e+00   8.7730e+00   8.2440e+00   8.9989e+00   8.3772e+00   8.5408e+00   8.8153e+00

  Columns 1025 through 1032

   8.9249e+00   8.9428e+00   9.0007e+00   9.0004e+00   8.5935e+00   9.1296e+00   9.3620e+00   9.1989e+00

  Columns 1033 through 1040

   9.0953e+00   9.4808e+00   9.6096e+00   8.7943e+00   9.0660e+00   9.0509e+00   8.9513e+00   9.6333e+00

  Columns 1041 through 1048

   9.0462e+00   8.8232e+00   8.6423e+00   9.6228e+00   8.6830e+00   8.8232e+00   9.1380e+00   9.1102e+00

  Columns 1049 through 1056

   9.0039e+00   9.4202e+00   9.2568e+00   9.3879e+00   8.3735e+00   8.5681e+00   9.2096e+00   8.8887e+00

  Columns 1057 through 1064

   8.6959e+00   9.1524e+00   8.9767e+00   8.6241e+00   9.6510e+00   9.2195e+00   9.7776e+00   8.5797e+00

  Columns 1065 through 1072

   8.3257e+00   8.7989e+00   8.6696e+00   8.8573e+00   9.0702e+00   9.3614e+00   8.2597e+00   9.0153e+00

  Columns 1073 through 1080

   8.6046e+00   8.4275e+00   9.0797e+00   8.5509e+00   8.4668e+00   9.1180e+00   9.3248e+00   8.9854e+00

  Columns 1081 through 1088

   8.4192e+00   8.1897e+00   8.8349e+00   9.6991e+00   8.8464e+00   8.4647e+00   9.1008e+00   9.0601e+00

  Columns 1089 through 1096

   9.4931e+00   8.9977e+00   9.0593e+00   8.3498e+00   9.4263e+00   9.0337e+00   8.5766e+00   9.0191e+00

  Columns 1097 through 1104

   9.0641e+00   8.9890e+00   8.9880e+00   8.9143e+00   8.5588e+00   8.8525e+00   9.3691e+00   8.9769e+00

  Columns 1105 through 1112

   8.9924e+00   9.1393e+00   9.2629e+00   9.0700e+00   9.2104e+00   8.5212e+00   9.1276e+00   8.6938e+00

  Columns 1113 through 1120

   9.1260e+00   9.3033e+00   8.9145e+00   8.7065e+00   8.2631e+00   9.1039e+00   8.8002e+00   9.1275e+00

  Columns 1121 through 1128

   9.4269e+00   9.0475e+00   9.2171e+00   9.2929e+00   9.0812e+00   9.6411e+00   8.7330e+00   8.2159e+00

  Columns 1129 through 1136

   9.0750e+00   8.8768e+00   9.0851e+00   8.8872e+00   9.6212e+00   8.6788e+00   8.7316e+00   8.9780e+00

  Columns 1137 through 1144

   8.7732e+00   9.0485e+00   9.4229e+00   8.8406e+00   8.8339e+00   8.6244e+00   8.8752e+00   8.5251e+00

  Columns 1145 through 1152

   8.4177e+00   8.8389e+00   8.3831e+00   8.4275e+00   9.7222e+00   9.3922e+00   8.3374e+00   9.0683e+00

  Columns 1153 through 1160

   8.2563e+00   8.9801e+00   8.8765e+00   9.2399e+00   9.2174e+00   8.7791e+00   9.1751e+00   8.8525e+00

  Columns 1161 through 1168

   9.3848e+00   9.0984e+00   8.4070e+00   8.4674e+00   8.5646e+00   8.8255e+00   9.1488e+00   8.9292e+00

  Columns 1169 through 1176

   9.2127e+00   8.8002e+00   8.8745e+00   8.6486e+00   9.3164e+00   9.0850e+00   8.9982e+00   9.0478e+00

  Columns 1177 through 1184

   9.0128e+00   9.1850e+00   9.1095e+00   9.0011e+00   9.5287e+00   9.6128e+00   8.4030e+00   8.7543e+00

  Columns 1185 through 1192

   8.6038e+00   9.0595e+00   9.5399e+00   9.2375e+00   9.6170e+00   9.0957e+00   9.1776e+00   8.5840e+00

  Columns 1193 through 1200

   9.2557e+00   8.5918e+00   9.1192e+00   9.4115e+00   9.4489e+00   8.5069e+00   9.4463e+00   8.9744e+00

  Columns 1201 through 1208

   8.8366e+00   8.4918e+00   8.9303e+00   9.2351e+00   9.2919e+00   8.6993e+00   8.8916e+00   9.0808e+00

  Columns 1209 through 1216

   9.0057e+00   9.1843e+00   8.9326e+00   8.9734e+00   8.6700e+00   8.6736e+00   8.8243e+00   9.8481e+00

  Columns 1217 through 1224

   9.1712e+00   9.1354e+00   9.3067e+00   9.5444e+00   9.3724e+00   9.4820e+00   9.6586e+00   8.5272e+00

  Columns 1225 through 1232

   9.1830e+00   8.8705e+00   8.9498e+00   9.3114e+00   8.9187e+00   9.6529e+00   9.5941e+00   9.0606e+00

  Columns 1233 through 1240

   9.7235e+00   8.4162e+00   9.7111e+00   9.5953e+00   8.6147e+00   8.6102e+00   9.1549e+00   9.5331e+00

  Columns 1241 through 1248

   9.0362e+00   9.0766e+00   8.6704e+00   8.7096e+00   9.2883e+00   9.3643e+00   9.2256e+00   8.9544e+00

  Columns 1249 through 1256

   8.5592e+00   8.7142e+00   8.9900e+00   8.8072e+00   9.4050e+00   9.3753e+00   8.6513e+00   9.7125e+00

  Columns 1257 through 1264

   9.0902e+00   8.8198e+00   8.6227e+00   9.6539e+00   8.9963e+00   9.1967e+00   8.8188e+00   8.9613e+00

  Columns 1265 through 1272

   9.4483e+00   9.2782e+00   8.3109e+00   9.0289e+00   9.8058e+00   9.1276e+00   9.5139e+00   9.1939e+00

  Columns 1273 through 1280

   8.8853e+00   8.8223e+00   8.8651e+00   8.5124e+00   8.7700e+00   9.4843e+00   1.0020e+01   8.4170e+00

  Columns 1281 through 1288

   9.1107e+00   8.6331e+00   9.1472e+00   1.0061e+01   8.6408e+00   8.8682e+00   9.7222e+00   9.1613e+00

  Columns 1289 through 1296

   9.0794e+00   8.9669e+00   8.6454e+00   8.8022e+00   8.6870e+00   8.8249e+00   9.2375e+00   8.2659e+00

  Columns 1297 through 1304

   9.5335e+00   8.9770e+00   8.4634e+00   9.2486e+00   8.5947e+00   8.5058e+00   8.8684e+00   8.5493e+00

  Columns 1305 through 1312

   8.9102e+00   9.1264e+00   9.2677e+00   9.3865e+00   9.2572e+00   8.8255e+00   8.7757e+00   9.3921e+00

  Columns 1313 through 1320

   8.8621e+00   8.6856e+00   8.7523e+00   9.4837e+00   9.0064e+00   8.6559e+00   9.0658e+00   8.7633e+00

  Columns 1321 through 1328

   9.5245e+00   9.5634e+00   9.1205e+00   8.6065e+00   8.3453e+00   9.1027e+00   9.0750e+00   8.1686e+00

  Columns 1329 through 1336

   9.2962e+00   8.8781e+00   9.2918e+00   9.5514e+00   8.6656e+00   8.4922e+00   9.1958e+00   9.1424e+00

  Columns 1337 through 1344

   8.5762e+00   9.8451e+00   9.5870e+00   8.9698e+00   9.4303e+00   9.1568e+00   8.9956e+00   8.7781e+00

  Columns 1345 through 1352

   8.6554e+00   9.2255e+00   8.8952e+00   8.7315e+00   8.6136e+00   8.9981e+00   9.3934e+00   9.1051e+00

  Columns 1353 through 1360

   8.9194e+00   8.5701e+00   9.0376e+00   9.4806e+00   8.6451e+00   9.6386e+00   9.1367e+00   8.9111e+00

  Columns 1361 through 1368

   8.7424e+00   9.2520e+00   8.8099e+00   9.1865e+00   9.5600e+00   8.9982e+00   9.7170e+00   9.5699e+00

  Columns 1369 through 1376

   8.6095e+00   8.9222e+00   8.1242e+00   9.3820e+00   9.3782e+00   8.6876e+00   8.9482e+00   9.1335e+00

  Columns 1377 through 1384

   9.2417e+00   9.4486e+00   9.2146e+00   9.2500e+00   8.9049e+00   9.6358e+00   8.9872e+00   9.0821e+00

  Columns 1385 through 1392

   8.8778e+00   8.8948e+00   8.7374e+00   8.9370e+00   8.3703e+00   8.8578e+00   9.1894e+00   8.6635e+00

  Columns 1393 through 1400

   9.2559e+00   9.1341e+00   8.8594e+00   9.2687e+00   8.7348e+00   8.9664e+00   8.5450e+00   8.7859e+00

  Columns 1401 through 1408

   9.1508e+00   9.2501e+00   9.5329e+00   9.4173e+00   8.6385e+00   9.8161e+00   9.0646e+00   9.7833e+00

  Columns 1409 through 1416

   8.7679e+00   9.4167e+00   9.1498e+00   9.0955e+00   9.5930e+00   8.4459e+00   8.1267e+00   8.7690e+00

  Columns 1417 through 1424

   8.8433e+00   9.0507e+00   9.0645e+00   8.3949e+00   9.5094e+00   9.5538e+00   8.4917e+00   8.9241e+00

  Columns 1425 through 1432

   9.0851e+00   8.8208e+00   9.0899e+00   9.0581e+00   8.6694e+00   8.9248e+00   9.1250e+00   9.3858e+00

  Columns 1433 through 1440

   9.1387e+00   1.0086e+01   9.3133e+00   8.9064e+00   8.7728e+00   8.8619e+00   9.0018e+00   9.0179e+00

  Columns 1441 through 1448

   9.5541e+00   8.9450e+00   9.4979e+00   8.6525e+00   9.0099e+00   8.8776e+00   9.2545e+00   9.0435e+00

  Columns 1449 through 1456

   8.3298e+00   8.2165e+00   9.1690e+00   9.0401e+00   8.9749e+00   9.1191e+00   8.5814e+00   8.2985e+00

  Columns 1457 through 1464

   8.8009e+00   8.6631e+00   9.0835e+00   9.2391e+00   8.6995e+00   8.6702e+00   9.3122e+00   8.5615e+00

  Columns 1465 through 1472

   8.6106e+00   8.9904e+00   9.2943e+00   8.4507e+00   8.5614e+00   8.6332e+00   9.8465e+00   9.1892e+00

  Columns 1473 through 1480

   9.3596e+00   8.5919e+00   9.3154e+00   9.2745e+00   8.9097e+00   8.8025e+00   9.0381e+00   9.3706e+00

  Columns 1481 through 1488

   8.9658e+00   9.0578e+00   9.3885e+00   9.4176e+00   8.8085e+00   9.4810e+00   8.5864e+00   8.9231e+00

  Columns 1489 through 1496

   8.8609e+00   9.0249e+00   9.0318e+00   9.0635e+00   8.5591e+00   9.4801e+00   9.1497e+00   9.0502e+00

  Columns 1497 through 1500

   9.2151e+00   9.0973e+00   9.4289e+00   9.4882e+00


ans =

   8.9915e+00


s_op =

   5.0647e+00   4.8532e+00   4.3067e+00


ans =

   5.2009e+00
   4.6957e+00
   4.3646e+00


rlam =

   4.4378e+01


stra =

     0


stra_der =

     0


d_hat =

   3.8813e-02


d_der =

  -1.6666e-03


stra =

  -3.0369e-02


stra_der =

   1.0206e-03


sbar =

  -2.8799e-02


sbar_der =

   9.1780e-04


cos_inn =

   8.1895e-01


cos_out =

   8.4097e-01


rlam =

   4.2505e+01


stra =

     0


stra_der =

     0


d_hat =

   4.2242e-02


d_der =

  -2.0137e-03


stra =

  -3.2430e-02


stra_der =

   1.1871e-03


sbar =

  -3.0646e-02


sbar_der =

   1.0601e-03


cos_inn =

   8.0178e-01


cos_out =

   8.2479e-01


rlam =

   3.8241e+01


stra =

     0


stra_der =

     0


d_hat =

   5.3502e-02


d_der =

  -3.5026e-03


stra =

  -3.8681e-02


stra_der =

   1.8313e-03


sbar =

  -3.6170e-02


sbar_der =

   1.6013e-03


cos_inn =

   7.4329e-01


cos_out =

   7.6866e-01


chk0 =

   2.3457e-14


prodv2 =

   8.0361e-01   8.0267e-01   7.3068e-01


cos_inn2 =

   8.1895e-01   8.0178e-01   7.4329e-01


produ2 =

   8.4261e-01   8.2122e-01   7.4916e-01


cos_out2 =

   8.4097e-01   8.2479e-01   7.6866e-01


prodv =

   8.0361e-01   8.0267e-01   7.3068e-01


cos_inn =

   8.1693e-01   7.9939e-01   7.3923e-01


produ =

   8.4261e-01   8.2122e-01   7.4916e-01


cos_out =

   8.3901e-01   8.2245e-01   7.6464e-01


s_op2 =

   5.0759e+00   4.8655e+00   4.3233e+00


ans =

   5.2009e+00
   4.6957e+00
   4.3646e+00


err =

   4.0582e+01


err_pred =

   3.9595e+01


err2 =

   4.0580e+01


err2_pred =

   3.9454e+01


ans =

   8.4844e+02


ans =

   8.5929e+02

